[gd_scene format=3 uid="uid://cwryah8rjcu28"]

[ext_resource type="PackedScene" uid="uid://chb6j77e846ue" path="res://Scenes/player.tscn" id="1_7u47w"]

[node name="Kitchen" type="Node3D" unique_id=2066472100]

[node name="Floor" type="CSGBox3D" parent="." unique_id=1162045850]
transform = Transform3D(0.99997985, -0.0029092368, -0.0056352024, 0.002923705, 0.9999925, 0.0025586656, 0.00562771, -0.002575104, 0.9999808, -0.33034497, -0.3239264, 0.024730325)
use_collision = true
size = Vector3(100, 0, 100)

[node name="Wall x-" type="CSGBox3D" parent="." unique_id=719272905]
transform = Transform3D(-4.3711385e-08, -1, 0, 0.9999999, -4.371139e-08, 0, 0, 0, 0.99999994, -50.327, 29.5, 0.025)
use_collision = true
size = Vector3(60, 0, 100)

[node name="Wall x+" type="CSGBox3D" parent="." unique_id=461151980]
transform = Transform3D(-4.3711385e-08, -1, 0, 0.9999999, -4.371139e-08, 0, 0, 0, 0.99999994, 49.5, 29.5, 0.025)
use_collision = true
size = Vector3(60, 0, 100)

[node name="Wall y+" type="CSGBox3D" parent="." unique_id=335010111]
transform = Transform3D(1.9106853e-15, 4.371139e-08, 0.99999994, 0.9999999, -4.371139e-08, 0, 4.3711385e-08, 1, -4.3711385e-08, 0, 29.5, 50)
use_collision = true
size = Vector3(60, 0, 100)

[node name="Wall y-" type="CSGBox3D" parent="." unique_id=294544597]
transform = Transform3D(1.9106853e-15, 4.371139e-08, 0.99999994, 0.9999999, -4.371139e-08, 0, 4.3711385e-08, 1, -4.3711385e-08, 0, 29.5, -50)
use_collision = true
size = Vector3(60, 0, 101)

[node name="Fridge" type="CSGBox3D" parent="." unique_id=42084637]
transform = Transform3D(1.9106853e-15, 4.371139e-08, 0.99999994, 0.9999999, -4.371139e-08, 0, 4.3711385e-08, 1, -4.3711385e-08, 6.6307755, 22, -40.87291)
use_collision = true
size = Vector3(45, 15, 30)

[node name="Counter -x" type="CSGBox3D" parent="." unique_id=1853158274]
transform = Transform3D(1.9106853e-15, 4.371139e-08, 0.99999994, 0.9999999, -4.371139e-08, 0, 4.3711385e-08, 1, -4.3711385e-08, -39.802643, 9.866701, -0.116435796)
use_collision = true
size = Vector3(20, 100, 20)

[node name="Cupboard -z" type="CSGBox3D" parent="." unique_id=1573001966]
transform = Transform3D(1.9106853e-15, 4.371139e-08, 0.99999994, 0.9999999, -4.371139e-08, 0, 4.3711385e-08, 1, -4.3711385e-08, -39.802643, 42.105217, -38.261154)
use_collision = true
size = Vector3(14.529297, 23.497131, 20)

[node name="Chimney" type="CSGBox3D" parent="." unique_id=2104832627]
transform = Transform3D(1.9106853e-15, 4.371139e-08, 0.99999994, 0.9999999, -4.371139e-08, 0, 4.3711385e-08, 1, -4.3711385e-08, -39.802643, 42.105217, -2.8357697)
use_collision = true
size = Vector3(14.529297, 23.497131, 20)

[node name="Cupboard +z" type="CSGBox3D" parent="." unique_id=1460989941]
transform = Transform3D(-4.3711385e-08, -1, 0, 0.9999999, -4.371139e-08, 0, 0, 0, 0.99999994, -17.39821, 42.105217, 39.883945)
use_collision = true
size = Vector3(14.529297, 23.497131, 20)

[node name="Counter +y" type="CSGBox3D" parent="." unique_id=1114300356]
transform = Transform3D(-4.3711385e-08, -1, 0, 0.9999999, -4.371139e-08, 0, 0, 0, 0.99999994, -8.647625, 9.8667, 39.808304)
use_collision = true
size = Vector3(20, 42.42781, 20)

[node name="Island" type="CSGBox3D" parent="." unique_id=2089766419]
transform = Transform3D(-4.3711385e-08, -1, 0, 0.9999999, -4.371139e-08, 0, 0, 0, 0.99999994, 1.1757555, 9.79906, -1.3498305)
use_collision = true
size = Vector3(20, 28.267048, 23.901367)

[node name="Shelf" type="CSGBox3D" parent="." unique_id=847364875]
transform = Transform3D(1, 0, 0, 0, 1, 0, 0, 0, 1, 45.73134, 35.675278, -25.228111)
use_collision = true
size = Vector3(7.5, 1, 40)

[node name="Shelf2" type="CSGBox3D" parent="." unique_id=11538325]
transform = Transform3D(1, 0, 0, 0, 1, 0, 0, 0, 1, 45.73134, 28.373306, 17.78783)
use_collision = true
size = Vector3(7.5, 1, 40)

[node name="Player" parent="." unique_id=757251869 instance=ExtResource("1_7u47w")]
transform = Transform3D(1, 0, 0, 0, 1, 0, 0, 0, 1, -44.77812, 55.408207, -42.44033)

[node name="DirectionalLight3D" type="DirectionalLight3D" parent="." unique_id=1762153572]
transform = Transform3D(1, 0, 0, 0, 0.046025537, 0.9989403, 0, -0.9989403, 0.046025537, 0, 43, 0)
sky_mode = 1

[node name="DirectionalLight3D2" type="DirectionalLight3D" parent="." unique_id=2141064549]
transform = Transform3D(1, 0, 0, 0, 0.4909342, 0.8711966, 0, -0.8711966, 0.4909342, 0, 43, 34.827698)
sky_mode = 1

[node name="CSGCylinder3D" type="CSGCylinder3D" parent="." unique_id=951287844]
transform = Transform3D(1, 0, 0, 0, 0.04013183, -0.9991944, 0, 0.9991944, 0.04013183, -20.25611, 0.39317206, -49.297707)
radius = 2.338
height = 0.55
